0.229506213300000,	0.823131712600000
0.210182320900000,	0.771072939200000
0.171067712200000,	0.857589455000000
0.218243421400000,	0.913648706200000
0.250728265100000,	0.807308560200000
0.199409572200000,	0.756581492700000
0.159035703500000,	0.888181339300000
0.174349392400000,	0.847392547600000
0.318002573300000,	0.818681257500000
0.272901885200000,	0.835452872400000
0.093714902800000,	0.722735165900000
0.130320358500000,	0.833438174500000
0.231656196200000,	0.895192145300000
0.190330066700000,	0.811200341200000
0.197150779100000,	0.745702119600000
0.198347847800000,	0.761432397300000
0.217529286500000,	0.708485701600000
0.223058023700000,	0.849392551400000
0.209496898700000,	0.781022716300000
0.255348406800000,	0.797863612500000
0.209165631400000,	0.792022630100000
0.186055579700000,	0.847487412300000
0.150475462700000,	0.809212880300000
0.193373947700000,	0.796728882200000
0.244393095100000,	0.792736419500000
0.159955986500000,	0.777624119500000
0.199799976700000,	0.787980250600000
0.174515906500000,	0.772621446300000
0.199301793100000,	0.788564055000000
0.190648856500000,	0.725380106900000
0.165482434400000,	0.791909761900000
0.193389713900000,	0.827463688100000
0.144019948300000,	0.835205972200000
0.226542915100000,	0.795568486700000
0.205061341300000,	0.825994482200000
0.227250558800000,	0.838742983400000
0.134092921100000,	0.692395563600000
0.231705554700000,	0.858871052200000
0.222080775100000,	0.883833825700000
0.168088908000000,	0.700906032000000
0.178037971800000,	0.739652440000000
0.186597982900000,	0.619470507400000
0.226410699800000,	0.822138663300000
0.116110460900000,	0.916310322800000
0.255001990700000,	0.664169265900000
0.202833375300000,	0.772406558400000
0.270014505500000,	0.843409178300000
0.228681702300000,	0.838580752400000
0.220897673200000,	0.817321036100000
0.156109444900000,	0.791714467400000
0.749386186900000,	0.360956012000000
0.619184015700000,	0.332256200900000
0.739744803300000,	0.363455352300000
0.720626490600000,	0.282909406100000
0.698911306600000,	0.302865805200000
0.698347848600000,	0.332589933400000
0.681541535200000,	0.426827814700000
0.770885804200000,	0.319034590000000
0.649062448800000,	0.255805694400000
0.625977382100000,	0.303398458000000
0.875727327800000,	0.288780752900000
0.689557725200000,	0.305491782600000
0.606781033700000,	0.353704785700000
0.705772451500000,	0.335699614400000
0.782594608400000,	0.300006849300000
0.797145486600000,	0.286169264300000
0.798099211100000,	0.369514289100000
0.589891490100000,	0.272818679800000
0.618167684100000,	0.377000671800000
0.538301321100000,	0.287172532300000
0.766498718600000,	0.212808360400000
0.704330966200000,	0.254614710300000
0.639842739900000,	0.285964503600000
0.760259578700000,	0.337334047200000
0.663136957000000,	0.244353558500000
0.756815234400000,	0.287065018900000
0.756292149500000,	0.270111206400000
0.723790614900000,	0.243284556400000
0.808868573400000,	0.320222974700000
0.663974045800000,	0.264946982400000
0.771943148000000,	0.311152995500000
0.587791414800000,	0.355353851900000
0.758068214100000,	0.247042446800000
0.654428988000000,	0.297479353400000
0.626497384000000,	0.321343317900000
0.629744881300000,	0.265113836800000
0.755780048500000,	0.172176700400000
0.661525582500000,	0.356857094800000
0.666036105600000,	0.330421393700000
0.766696806800000,	0.300909885700000
0.679246048700000,	0.332016992800000
0.687607894000000,	0.275390401100000
0.696706145400000,	0.270449802000000
0.718817349000000,	0.326843108500000
0.754010325600000,	0.194082136300000
0.698913379100000,	0.276832911300000
0.697731033200000,	0.296100493300000
0.668167838200000,	0.345077324900000
0.604742773300000,	0.329146593600000
0.683261139600000,	0.346384748200000